0,20000501
1,20000501
2,20000501
3,20000501
4,20000501
5,20000501
6,20000501
7,20000501
8,20000501
9,20000501
10,20000501
11,20000501
12,20000502
13,20000502
14,20000502
15,20000502
16,20000502
17,20000502
18,20000502
19,20000502
20,20000502
21,20000503
22,20000503
23,20000503
24,20000503
25,20000503
26,20000503
27,20000503
28,20000503
29,20000503
30,20000503
31,20000503
32,20000503
33,20000503
34,20000503
35,20000503
36,20000503
37,20000504
38,20000504
39,20000504
40,20000504
41,20000504
42,20000504
43,20000504
44,20000504
45,20000504
46,20000504
47,20000504
48,20000504
49,20000504
50,20000504
51,20000504
52,20000504
53,20000504
54,20000505
55,20000505
56,20000505
57,20000505
58,20000505
59,20000505
60,20000505
61,20000505
62,20000505
63,20000505
64,20000505
65,20000505
66,20000505
67,20000506
68,20000506
69,20000506
70,20000506
71,20000506
72,20000506
73,20000506
74,20000506
75,20000506
76,20000506
77,20000507
78,20000507
79,20000507
80,20000507
81,20000507
82,20000507
83,20000507
84,20000507
85,20000507
86,20000507
87,20000507
88,20000507
89,20000507
90,20000507
91,20000507
92,20000507
93,20000507
94,20000507
95,20000507
96,20000507
97,20000507
98,20000508
99,20000508
100,20000508
101,20000508
102,20000508
103,20000508
104,20000508
105,20000508
106,20000509
107,20000509
108,20000509
109,20000509
110,20000509
111,20000509
112,20000509
113,20000509
114,20000509
115,20000509
116,20000509
117,20000509
118,20000509
119,20000509
120,20000509
121,20000510
122,20000510
123,20000510
124,20000510
125,20000510
126,20000510
127,20000510
128,20000510
129,20000510
130,20000510
131,20000510
132,20000510
133,20000511
134,20000511
135,20000511
136,20000511
137,20000511
138,20000511
139,20000511
140,20000511
141,20000512
142,20000512
143,20000512
144,20000512
145,20000512
146,20000512
147,20000512
148,20000513
149,20000513
150,20000513
151,20000513
152,20000513
153,20000513
154,20000513
155,20000513
156,20000513
157,20000513
158,20000514
159,20000514
160,20000514
161,20000514
162,20000514
163,20000514
164,20000514
165,20000514
166,20000514
167,20000514
168,20000514
169,20000514
170,20000514
171,20000514
172,20000514
173,20000514
174,20000515
175,20000515
176,20000515
177,20000515
178,20000515
179,20000515
180,20000515
181,20000515
182,20000515
183,20000515
184,20000515
185,20000516
186,20000516
187,20000516
188,20000516
189,20000516
190,20000516
191,20000516
192,20000516
193,20000516
194,20000516
195,20000517
196,20000517
197,20000517
198,20000517
199,20000517
200,20000517
201,20000517
202,20000517
203,20000517
204,20000517
205,20000517
206,20000517
207,20000517
208,20000517
209,20000517
210,20000517
211,20000517
212,20000517
213,20000517
214,20000517
215,20000517
216,20000518
217,20000518
218,20000518
219,20000518
220,20000518
221,20000518
222,20000518
223,20000518
224,20000518
225,20000518
226,20000518
227,20000518
228,20000518
229,20000519
230,20000519
231,20000519
232,20000519
233,20000519
234,20000519
235,20000519
236,20000519
237,20000519
238,20000519
239,20000519
240,20000519
241,20000519
242,20000519
243,20000519
244,20000519
245,20000519
246,20000520
247,20000520
248,20000520
249,20000520
250,20000520
251,20000520
252,20000520
253,20000520
254,20000521
255,20000521
256,20000521
257,20000521
258,20000521
259,20000521
260,20000521
261,20000521
262,20000521
263,20000521
264,20000521
265,20000521
266,20000521
267,20000521
268,20000521
269,20000521
270,20000521
271,20000521
272,20000521
273,20000521
274,20000521
275,20000521
276,20000521
277,20000521
278,20000522
279,20000522
280,20000522
281,20000522
282,20000522
283,20000522
284,20000522
285,20000522
286,20000522
287,20000522
288,20000522
289,20000522
290,20000522
291,20000523
292,20000523
293,20000523
294,20000523
295,20000523
296,20000523
297,20000523
298,20000523
299,20000523
300,20000524
301,20000524
302,20000524
303,20000524
304,20000524
305,20000524
306,20000524
307,20000524
308,20000524
309,20000524
310,20000524
311,20000525
312,20000525
313,20000525
314,20000525
315,20000525
316,20000525
317,20000525
318,20000525
319,20000525
320,20000525
321,20000525
322,20000525
323,20000525
324,20000525
325,20000525
326,20000525
327,20000525
328,20000525
329,20000525
330,20000525
331,20000525
332,20000525
333,20000526
334,20000526
335,20000526
336,20000526
337,20000526
338,20000526
339,20000526
340,20000526
341,20000526
342,20000526
343,20000526
344,20000526
345,20000526
346,20000527
347,20000527
348,20000527
349,20000527
350,20000527
351,20000527
352,20000527
353,20000527
354,20000527
355,20000527
356,20000528
357,20000528
358,20000528
359,20000528
360,20000528
361,20000528
362,20000528
363,20000528
364,20000528
365,20000528
366,20000528
367,20000528
368,20000528
369,20000528
370,20000528
371,20000528
372,20000528
373,20000529
374,20000529
375,20000529
376,20000529
377,20000529
378,20000529
379,20000530
380,20000530
381,20000530
382,20000530
383,20000530
384,20000531
385,20000531
386,20000531
387,20000531
388,20000531
389,20000531
390,20000531
391,20000531
392,20000531
393,20000601
394,20000601
395,20000601
396,20000601
397,20000601
398,20000601
399,20000601
400,20000601
401,20000601
402,20000601
403,20000601
404,20000602
405,20000602
406,20000602
407,20000602
408,20000602
409,20000602
410,20000602
411,20000602
412,20000602
413,20000602
414,20000602
415,20000602
416,20000602
417,20000602
418,20000602
419,20000603
420,20000603
421,20000603
422,20000603
423,20000603
424,20000603
425,20000603
426,20000604
427,20000604
428,20000604
429,20000604
430,20000604
431,20000604
432,20000604
433,20000604
434,20000604
435,20000604
436,20000604
437,20000604
438,20000604
439,20000604
440,20000604
441,20000604
442,20000604
443,20000604
444,20000604
445,20000604
446,20000604
447,20000604
448,20000604
449,20000605
450,20000605
451,20000605
452,20000605
453,20000605
454,20000605
455,20000605
456,20000605
457,20000605
458,20000605
459,20000606
460,20000606
461,20000606
462,20000606
463,20000606
464,20000606
465,20000606
466,20000606
467,20000606
468,20000606
469,20000606
470,20000606
471,20000606
472,20000607
473,20000607
474,20000607
475,20000607
476,20000607
477,20000607
478,20000607
479,20000607
480,20000607
481,20000607
482,20000607
483,20000607
484,20000607
485,20000607
486,20000608
487,20000608
488,20000608
489,20000608
490,20000608
491,20000608
492,20000608
493,20000608
494,20000608
495,20000608
496,20000608
497,20000609
498,20000609
499,20000609
500,20000609
501,20000609
502,20000609
503,20000609
504,20000609
505,20000609
506,20000609
507,20000609
508,20000609
509,20000609
510,20000609
511,20000610
512,20000610
513,20000610
514,20000610
515,20000610
516,20000610
517,20000610
518,20000610
519,20000610
520,20000611
521,20000611
522,20000611
523,20000611
524,20000611
525,20000611
526,20000611
527,20000611
528,20000611
529,20000611
530,20000611
531,20000611
532,20000611
533,20000611
534,20000611
535,20000611
536,20000611
537,20000611
538,20000611
539,20000611
540,20000612
541,20000612
542,20000612
543,20000612
544,20000612
545,20000612
546,20000612
547,20000612
548,20000612
549,20000612
550,20000612
551,20000613
552,20000613
553,20000613
554,20000613
555,20000613
556,20000613
557,20000613
558,20000613
559,20000613
560,20000613
561,20000613
562,20000614
563,20000614
564,20000614
565,20000614
566,20000614
567,20000614
568,20000614
569,20000614
570,20000614
571,20000614
572,20000614
573,20000614
574,20000614
575,20000614
576,20000614
577,20000615
578,20000615
579,20000615
580,20000615
581,20000615
582,20000615
583,20000615
584,20000615
585,20000615
586,20000616
587,20000616
588,20000616
589,20000616
590,20000616
591,20000616
592,20000616
593,20000616
594,20000616
595,20000616
596,20000616
597,20000616
598,20000616
599,20000616
600,20000616
601,20000616
602,20000617
603,20000617
604,20000617
605,20000617
606,20000617
607,20000617
608,20000617
609,20000617
610,20000617
611,20000618
612,20000618
613,20000618
614,20000618
615,20000618
616,20000618
617,20000618
618,20000618
619,20000618
620,20000618
621,20000618
622,20000618
623,20000618
624,20000618
625,20000618
626,20000618
627,20000618
628,20000618
629,20000618
630,20000618
631,20000618
632,20000618
633,20000618
634,20000618
635,20000618
636,20000619
637,20000619
638,20000619
639,20000619
640,20000619
641,20000619
642,20000619
643,20000619
644,20000619
645,20000619
646,20000619
647,20000619
648,20000620
649,20000620
650,20000620
651,20000620
652,20000620
653,20000620
654,20000620
655,20000620
656,20000620
657,20000620
658,20000620
659,20000621
660,20000621
661,20000621
662,20000621
663,20000621
664,20000621
665,20000621
666,20000621
667,20000621
668,20000621
669,20000621
670,20000621
671,20000621
672,20000621
673,20000621
674,20000621
675,20000621
676,20000621
677,20000621
678,20000621
679,20000622
680,20000622
681,20000622
682,20000622
683,20000622
684,20000622
685,20000622
686,20000622
687,20000622
688,20000622
689,20000622
690,20000622
691,20000622
692,20000622
693,20000622
694,20000622
695,20000622
696,20000622
697,20000622
698,20000623
699,20000623
700,20000623
701,20000623
702,20000623
703,20000623
704,20000623
705,20000623
706,20000623
707,20000623
708,20000623
709,20000623
710,20000623
711,20000623
712,20000623
713,20000623
714,20000623
715,20000623
716,20000624
717,20000624
718,20000624
719,20000624
720,20000624
721,20000624
722,20000624
723,20000624
724,20000624
725,20000624
726,20000624
727,20000624
728,20000624
729,20000624
730,20000624
731,20000624
732,20000624
733,20000624
734,20000625
735,20000625
736,20000625
737,20000625
738,20000625
739,20000625
740,20000625
741,20000625
742,20000625
743,20000625
744,20000625
745,20000625
746,20000625
747,20000625
748,20000625
749,20000625
750,20000625
751,20000625
752,20000625
753,20000625
754,20000625
755,20000625
756,20000626
757,20000626
758,20000626
759,20000626
760,20000626
761,20000626
762,20000626
763,20000626
764,20000626
765,20000626
766,20000627
767,20000627
768,20000627
769,20000627
770,20000627
771,20000627
772,20000627
773,20000627
774,20000628
775,20000628
776,20000628
777,20000628
778,20000628
779,20000628
780,20000628
781,20000628
782,20000628
783,20000628
784,20000628
785,20000628
786,20000628
787,20000628
788,20000628
789,20000628
790,20000629
791,20000629
792,20000629
793,20000629
794,20000629
795,20000629
796,20000629
797,20000629
798,20000629
799,20000629
800,20000629
801,20000629
802,20000629
803,20000629
804,20000629
805,20000630
806,20000630
807,20000630
808,20000630
809,20000630
810,20000630
811,20000630
812,20000630
813,20000630
814,20000630
815,20000630
816,20000630
817,20000630
818,20000630
819,20000701
820,20000701
821,20000701
822,20000701
823,20000701
824,20000701
825,20000701
826,20000701
827,20000701
828,20000701
829,20000702
830,20000702
831,20000702
832,20000702
833,20000702
834,20000702
835,20000702
836,20000702
837,20000702
838,20000702
839,20000702
840,20000702
841,20000702
842,20000702
843,20000702
844,20000702
845,20000702
846,20000702
847,20000702
848,20000702
849,20000702
850,20000702
851,20000702
852,20000703
853,20000703
854,20000703
855,20000703
856,20000703
857,20000703
858,20000704
859,20000704
860,20000704
861,20000704
862,20000704
863,20000704
864,20000704
865,20000704
866,20000705
867,20000705
868,20000705
869,20000705
870,20000705
871,20000705
872,20000705
873,20000705
874,20000706
875,20000706
876,20000706
877,20000706
878,20000706
879,20000706
880,20000706
881,20000706
882,20000707
883,20000707
884,20000707
885,20000707
886,20000707
887,20000707
888,20000707
889,20000707
890,20000707
891,20000707
892,20000707
893,20000708
894,20000708
895,20000708
896,20000708
897,20000708
898,20000708
899,20000708
900,20000708
901,20000708
902,20000708
903,20000708
904,20000709
905,20000709
906,20000709
907,20000709
908,20000709
909,20000709
910,20000709
911,20000709
912,20000709
913,20000709
914,20000709
915,20000709
916,20000709
917,20000709
918,20000709
919,20000709
920,20000709
921,20000709
922,20000709
923,20000710
924,20000710
925,20000710
926,20000710
927,20000710
928,20000710
929,20000710
930,20000711
931,20000711
932,20000711
933,20000711
934,20000711
935,20000711
936,20000711
937,20000711
938,20000711
939,20000711
940,20000711
941,20000711
942,20000711
943,20000711
944,20000711
945,20000711
946,20000711
947,20000711
948,20000712
949,20000712
950,20000712
951,20000712
952,20000712
953,20000712
954,20000712
955,20000712
956,20000712
957,20000712
958,20000712
959,20000712
960,20000712
961,20000713
962,20000713
963,20000713
964,20000713
965,20000713
966,20000713
967,20000713
968,20000713
969,20000713
970,20000713
971,20000713
972,20000713
973,20000713
974,20000713
975,20000713
976,20000714
977,20000714
978,20000714
979,20000714
980,20000714
981,20000714
982,20000714
983,20000714
984,20000714
985,20000714
986,20000714
987,20000714
988,20000714
989,20000714
990,20000714
991,20000714
992,20000714
993,20000714
994,20000714
995,20000715
996,20000715
997,20000715
998,20000715
999,20000715
1000,20000715
1001,20000715
1002,20000715
1003,20000715
1004,20000715
1005,20000715
1006,20000715
1007,20000715
1008,20000715
1009,20000716
1010,20000716
1011,20000716
1012,20000716
1013,20000716
1014,20000716
1015,20000716
1016,20000716
1017,20000716
1018,20000716
1019,20000716
1020,20000716
1021,20000716
1022,20000716
1023,20000716
1024,20000716
1025,20000716
1026,20000716
1027,20000716
1028,20000717
1029,20000717
1030,20000717
1031,20000717
1032,20000717
1033,20000717
1034,20000717
1035,20000717
1036,20000717
1037,20000717
1038,20000718
1039,20000718
1040,20000718
1041,20000718
1042,20000718
1043,20000718
1044,20000718
1045,20000718
1046,20000718
1047,20000718
1048,20000719
1049,20000719
1050,20000719
1051,20000719
1052,20000719
1053,20000719
1054,20000719
1055,20000719
1056,20000719
1057,20000719
1058,20000719
1059,20000719
1060,20000719
1061,20000719
1062,20000719
1063,20000719
1064,20000719
1065,20000719
1066,20000720
1067,20000720
1068,20000720
1069,20000720
1070,20000720
1071,20000720
1072,20000720
1073,20000720
1074,20000720
1075,20000720
1076,20000720
1077,20000720
1078,20000720
1079,20000720
1080,20000720
1081,20000721
1082,20000721
1083,20000721
1084,20000721
1085,20000721
1086,20000721
1087,20000721
1088,20000721
1089,20000721
1090,20000721
1091,20000721
1092,20000721
1093,20000721
1094,20000721
1095,20000722
1096,20000722
1097,20000722
1098,20000722
1099,20000722
1100,20000722
1101,20000722
1102,20000722
1103,20000722
1104,20000723
1105,20000723
1106,20000723
1107,20000723
1108,20000723
1109,20000723
1110,20000723
1111,20000723
1112,20000723
1113,20000723
1114,20000723
1115,20000723
1116,20000723
1117,20000723
1118,20000723
1119,20000723
1120,20000723
1121,20000723
1122,20000723
1123,20000723
1124,20000723
1125,20000723
1126,20000723
1127,20000724
1128,20000724
1129,20000724
1130,20000724
1131,20000724
1132,20000724
1133,20000724
1134,20000724
1135,20000724
1136,20000724
1137,20000724
1138,20000724
1139,20000724
1140,20000724
1141,20000725
1142,20000725
1143,20000725
1144,20000725
1145,20000725
1146,20000725
1147,20000725
1148,20000725
1149,20000725
1150,20000725
1151,20000725
1152,20000725
1153,20000725
1154,20000725
1155,20000725
1156,20000725
1157,20000726
1158,20000726
1159,20000726
1160,20000726
1161,20000726
1162,20000726
1163,20000726
1164,20000726
1165,20000726
1166,20000726
1167,20000726
1168,20000726
1169,20000726
1170,20000726
1171,20000726
1172,20000726
1173,20000726
1174,20000726
1175,20000726
1176,20000726
1177,20000726
1178,20000726
1179,20000727
1180,20000727
1181,20000727
1182,20000727
1183,20000727
1184,20000727
1185,20000727
1186,20000727
1187,20000727
1188,20000727
1189,20000727
1190,20000727
1191,20000727
1192,20000727
1193,20000727
1194,20000727
1195,20000727
1196,20000727
1197,20000728
1198,20000728
1199,20000728
1200,20000728
1201,20000728
1202,20000728
1203,20000728
1204,20000728
1205,20000728
1206,20000728
1207,20000728
1208,20000728
1209,20000728
1210,20000728
1211,20000728
1212,20000728
1213,20000728
1214,20000728
1215,20000728
1216,20000728
1217,20000728
1218,20000728
1219,20000729
1220,20000729
1221,20000729
1222,20000729
1223,20000729
1224,20000729
1225,20000729
1226,20000729
1227,20000729
1228,20000730
1229,20000730
1230,20000730
1231,20000730
1232,20000730
1233,20000730
1234,20000730
1235,20000730
1236,20000730
1237,20000730
1238,20000730
1239,20000730
1240,20000730
1241,20000730
1242,20000730
1243,20000730
1244,20000730
1245,20000730
1246,20000730
1247,20000730
1248,20000730
1249,20000730
1250,20000730
1251,20000730
1252,20000730
1253,20000730
1254,20000730
1255,20000730
1256,20000730
1257,20000730
1258,20000730
1259,20000730
1260,20000731
1261,20000731
1262,20000731
1263,20000731
1264,20000731
1265,20000731
1266,20000731
1267,20000731
1268,20000731
1269,20000731
1270,20000731
1271,20000731
1272,20000731
1273,20000731
1274,20000731
1275,20000731
1276,20000731
1277,20000731
1278,20000731
1279,20000731
1280,20000801
1281,20000801
1282,20000801
1283,20000801
1284,20000801
1285,20000801
1286,20000801
1287,20000801
1288,20000801
1289,20000801
1290,20000801
1291,20000801
1292,20000801
1293,20000801
1294,20000801
1295,20000801
1296,20000801
1297,20000801
1298,20000801
1299,20000801
1300,20000801
1301,20000801
1302,20000801
1303,20000801
1304,20000801
1305,20000801
1306,20000801
1307,20000801
1308,20000801
1309,20000801
1310,20000801
1311,20000801
1312,20000801
1313,20000801
1314,20000801
1315,20000802
1316,20000802
1317,20000802
1318,20000802
1319,20000802
1320,20000802
1321,20000802
1322,20000802
1323,20000802
1324,20000802
1325,20000802
1326,20000802
1327,20000802
1328,20000802
1329,20000802
1330,20000802
1331,20000802
1332,20000802
1333,20000802
1334,20000802
1335,20000802
1336,20000802
1337,20000802
1338,20000802
1339,20000802
1340,20000802
1341,20000802
1342,20000802
1343,20000802
1344,20000802
1345,20000802
1346,20000803
1347,20000803
1348,20000803
1349,20000803
1350,20000803
1351,20000803
1352,20000803
1353,20000803
1354,20000803
1355,20000803
1356,20000803
1357,20000803
1358,20000803
1359,20000803
1360,20000803
1361,20000803
1362,20000803
1363,20000803
1364,20000803
1365,20000803
1366,20000803
1367,20000803
1368,20000803
1369,20000803
1370,20000803
1371,20000803
1372,20000804
1373,20000804
1374,20000804
1375,20000804
1376,20000804
1377,20000804
1378,20000804
1379,20000804
1380,20000804
1381,20000804
1382,20000804
1383,20000804
1384,20000804
1385,20000804
1386,20000804
1387,20000804
1388,20000804
1389,20000804
1390,20000804
1391,20000804
1392,20000804
1393,20000804
1394,20000804
1395,20000804
1396,20000804
1397,20000804
1398,20000804
1399,20000805
1400,20000805
1401,20000805
1402,20000805
1403,20000805
1404,20000805
1405,20000805
1406,20000805
1407,20000805
1408,20000805
1409,20000805
1410,20000805
1411,20000805
1412,20000805
1413,20000805
1414,20000805
1415,20000805
1416,20000805
1417,20000805
1418,20000805
1419,20000805
1420,20000805
1421,20000805
1422,20000805
1423,20000805
1424,20000805
1425,20000805
1426,20000805
1427,20000805
1428,20000806
1429,20000806
1430,20000806
1431,20000806
1432,20000806
1433,20000806
1434,20000806
1435,20000806
1436,20000806
1437,20000806
1438,20000806
1439,20000806
1440,20000806
1441,20000806
1442,20000806
1443,20000806
1444,20000806
1445,20000806
1446,20000806
1447,20000806
1448,20000806
1449,20000806
1450,20000806
1451,20000806
1452,20000806
1453,20000806
1454,20000806
1455,20000806
1456,20000807
1457,20000807
1458,20000807
1459,20000807
1460,20000807
1461,20000807
1462,20000807
1463,20000807
1464,20000807
1465,20000807
1466,20000807
1467,20000807
1468,20000807
1469,20000807
1470,20000807
1471,20000808
1472,20000808
1473,20000808
1474,20000808
1475,20000808
1476,20000808
1477,20000808
1478,20000808
1479,20000808
1480,20000808
1481,20000808
1482,20000808
1483,20000808
1484,20000808
1485,20000808
1486,20000808
1487,20000808
1488,20000808
1489,20000808
1490,20000808
1491,20000808
1492,20000808
1493,20000808
1494,20000808
1495,20000808
1496,20000808
1497,20000809
1498,20000809
1499,20000809
1500,20000809
1501,20000809
1502,20000809
1503,20000809
1504,20000809
1505,20000809
1506,20000809
1507,20000809
1508,20000809
1509,20000809
1510,20000809
1511,20000809
1512,20000809
1513,20000809
1514,20000809
1515,20000809
1516,20000809
1517,20000809
1518,20000809
1519,20000809
1520,20000809
1521,20000809
1522,20000809
1523,20000809
1524,20000809
1525,20000809
1526,20000809
1527,20000809
1528,20000809
1529,20000809
1530,20000810
1531,20000810
1532,20000810
1533,20000810
1534,20000810
1535,20000810
1536,20000810
1537,20000810
1538,20000810
1539,20000810
1540,20000810
1541,20000810
1542,20000810
1543,20000810
1544,20000810
1545,20000810
1546,20000810
1547,20000810
1548,20000810
1549,20000810
1550,20000810
1551,20000810
1552,20000810
1553,20000810
1554,20000810
1555,20000810
1556,20000810
1557,20000810
1558,20000810
1559,20000811
1560,20000811
1561,20000811
1562,20000811
1563,20000811
1564,20000811
1565,20000811
1566,20000811
1567,20000811
1568,20000811
1569,20000811
1570,20000811
1571,20000811
1572,20000811
1573,20000811
1574,20000811
1575,20000811
1576,20000811
1577,20000811
1578,20000811
1579,20000811
1580,20000811
1581,20000811
1582,20000811
1583,20000812
1584,20000812
1585,20000812
1586,20000812
1587,20000812
1588,20000812
1589,20000812
1590,20000812
1591,20000812
1592,20000812
1593,20000812
1594,20000812
1595,20000812
1596,20000812
1597,20000812
1598,20000812
1599,20000812
1600,20000812
1601,20000812
1602,20000812
1603,20000812
1604,20000812
1605,20000812
1606,20000812
1607,20000812
1608,20000812
1609,20000812
1610,20000812
1611,20000813
1612,20000813
1613,20000813
1614,20000813
1615,20000813
1616,20000813
1617,20000813
1618,20000813
1619,20000813
1620,20000813
1621,20000813
1622,20000813
1623,20000813
1624,20000813
1625,20000813
1626,20000813
1627,20000813
1628,20000813
1629,20000813
1630,20000813
1631,20000813
1632,20000813
1633,20000813
1634,20000813
1635,20000813
1636,20000813
1637,20000813
1638,20000813
1639,20000813
1640,20000813
1641,20000814
1642,20000814
1643,20000814
1644,20000814
1645,20000814
1646,20000814
1647,20000814
1648,20000814
1649,20000814
1650,20000814
1651,20000814
1652,20000814
1653,20000814
1654,20000814
1655,20000814
1656,20000814
1657,20000814
1658,20000814
1659,20000814
1660,20000814
1661,20000814
1662,20000814
1663,20000814
1664,20000815
1665,20000815
1666,20000815
1667,20000815
1668,20000815
1669,20000815
1670,20000815
1671,20000815
1672,20000815
1673,20000815
1674,20000815
1675,20000815
1676,20000815
1677,20000815
1678,20000815
1679,20000815
1680,20000815
1681,20000815
1682,20000815
1683,20000815
1684,20000815
1685,20000815
1686,20000815
1687,20000815
1688,20000815
1689,20000815
1690,20000815
1691,20000815
1692,20000815
1693,20000815
1694,20000815
1695,20000816
1696,20000816
1697,20000816
1698,20000816
1699,20000816
1700,20000816
1701,20000816
1702,20000816
1703,20000816
1704,20000816
1705,20000816
1706,20000816
1707,20000816
1708,20000816
1709,20000816
1710,20000816
1711,20000816
1712,20000816
1713,20000816
1714,20000816
1715,20000816
1716,20000816
1717,20000816
1718,20000816
1719,20000816
1720,20000816
1721,20000816
1722,20000816
1723,20000817
1724,20000817
1725,20000817
1726,20000817
1727,20000817
1728,20000817
1729,20000817
1730,20000817
1731,20000817
1732,20000817
1733,20000817
1734,20000817
1735,20000817
1736,20000817
1737,20000817
1738,20000817
1739,20000817
1740,20000817
1741,20000817
1742,20000817
1743,20000817
1744,20000817
1745,20000817
1746,20000817
1747,20000817
1748,20000817
1749,20000817
1750,20000817
1751,20000817
1752,20000817
1753,20000817
1754,20000817
1755,20000818
1756,20000818
1757,20000818
1758,20000818
1759,20000818
1760,20000818
1761,20000818
1762,20000818
1763,20000818
1764,20000818
1765,20000818
1766,20000818
1767,20000818
1768,20000818
1769,20000818
1770,20000818
1771,20000818
1772,20000818
1773,20000818
1774,20000818
1775,20000818
1776,20000818
1777,20000818
1778,20000818
1779,20000818
1780,20000818
1781,20000818
1782,20000818
1783,20000818
1784,20000818
1785,20000818
1786,20000818
1787,20000819
1788,20000819
1789,20000819
1790,20000819
1791,20000819
1792,20000819
1793,20000819
1794,20000819
1795,20000819
1796,20000819
1797,20000819
1798,20000819
1799,20000819
1800,20000819
1801,20000819
1802,20000819
1803,20000819
1804,20000819
1805,20000819
1806,20000819
1807,20000820
1808,20000820
1809,20000820
1810,20000820
1811,20000820
1812,20000820
1813,20000820
1814,20000820
1815,20000820
1816,20000820
1817,20000820
1818,20000820
1819,20000820
1820,20000820
1821,20000820
1822,20000820
1823,20000820
1824,20000820
1825,20000820
1826,20000820
1827,20000820
1828,20000820
1829,20000820
1830,20000820
1831,20000820
1832,20000820
1833,20000820
1834,20000820
1835,20000820
1836,20000820
1837,20000820
1838,20000821
1839,20000821
1840,20000821
1841,20000821
1842,20000821
1843,20000821
1844,20000821
1845,20000821
1846,20000821
1847,20000821
1848,20000821
1849,20000821
1850,20000821
1851,20000821
1852,20000821
1853,20000821
1854,20000822
1855,20000822
1856,20000822
1857,20000822
1858,20000822
1859,20000822
1860,20000822
1861,20000822
1862,20000822
1863,20000822
1864,20000822
1865,20000822
1866,20000822
1867,20000822
1868,20000822
1869,20000822
1870,20000822
1871,20000822
1872,20000823
1873,20000823
1874,20000823
1875,20000823
1876,20000823
1877,20000823
1878,20000823
1879,20000823
1880,20000823
1881,20000823
1882,20000823
1883,20000823
1884,20000823
1885,20000823
1886,20000823
1887,20000823
1888,20000823
1889,20000824
1890,20000824
1891,20000824
1892,20000824
1893,20000824
1894,20000824
1895,20000824
1896,20000824
1897,20000824
1898,20000824
1899,20000824
1900,20000824
1901,20000824
1902,20000824
1903,20000824
1904,20000824
1905,20000824
1906,20000824
1907,20000824
1908,20000825
1909,20000825
1910,20000825
1911,20000825
1912,20000825
1913,20000825
1914,20000825
1915,20000825
1916,20000825
1917,20000825
1918,20000825
1919,20000825
1920,20000825
1921,20000825
1922,20000825
1923,20000825
1924,20000825
1925,20000825
1926,20000825
1927,20000826
1928,20000826
1929,20000826
1930,20000826
1931,20000826
1932,20000826
1933,20000826
1934,20000826
1935,20000826
1936,20000826
1937,20000826
1938,20000826
1939,20000826
1940,20000826
1941,20000826
1942,20000826
1943,20000826
1944,20000826
1945,20000826
1946,20000827
1947,20000827
1948,20000827
1949,20000827
1950,20000827
1951,20000827
1952,20000827
1953,20000827
1954,20000827
1955,20000827
1956,20000827
1957,20000827
1958,20000827
1959,20000827
1960,20000827
1961,20000827
1962,20000827
1963,20000827
1964,20000827
1965,20000827
1966,20000827
1967,20000827
1968,20000827
1969,20000827
1970,20000827
1971,20000827
1972,20000827
1973,20000827
1974,20000827
1975,20000827
1976,20000828
1977,20000828
1978,20000828
1979,20000828
1980,20000828
1981,20000828
1982,20000828
1983,20000828
1984,20000828
1985,20000828
1986,20000828
1987,20000828
1988,20000828
1989,20000829
1990,20000829
1991,20000829
1992,20000829
1993,20000829
1994,20000829
1995,20000829
1996,20000829
1997,20000829
1998,20000829
1999,20000829
2000,20000829
2001,20000829
2002,20000829
2003,20000829
2004,20000829
2005,20000830
2006,20000830
2007,20000830
2008,20000830
2009,20000830
2010,20000830
2011,20000830
2012,20000830
2013,20000830
2014,20000830
2015,20000830
2016,20000830
2017,20000830
2018,20000830
2019,20000830
2020,20000830
2021,20000830
2022,20000830
2023,20000831
2024,20000831
2025,20000831
2026,20000831
2027,20000831
2028,20000831
2029,20000831
2030,20000831
2031,20000831
2032,20000831
2033,20000831
2034,20000831
2035,20000831
2036,20000831
2037,20000831
2038,20000831
2039,20000831
2040,20000831
2041,20000831
2042,20000831
2043,20000831
2044,20000901
2045,20000901
2046,20000901
2047,20000901
2048,20000901
2049,20000901
2050,20000901
2051,20000901
2052,20000901
2053,20000901
2054,20000901
2055,20000901
2056,20000901
2057,20000901
2058,20000901
2059,20000901
2060,20000901
2061,20000901
2062,20000901
2063,20000901
2064,20000901
2065,20000902
2066,20000902
2067,20000902
2068,20000902
2069,20000902
2070,20000902
2071,20000902
2072,20000902
2073,20000902
2074,20000902
2075,20000902
2076,20000902
2077,20000902
2078,20000902
2079,20000902
2080,20000902
2081,20000902
2082,20000902
2083,20000902
2084,20000902
2085,20000902
2086,20000902
2087,20000902
2088,20000902
2089,20000903
2090,20000903
2091,20000903
2092,20000903
2093,20000903
2094,20000903
2095,20000903
2096,20000903
2097,20000903
2098,20000903
2099,20000903
2100,20000903
2101,20000903
2102,20000903
2103,20000903
2104,20000903
2105,20000903
2106,20000903
2107,20000903
2108,20000903
2109,20000903
2110,20000903
2111,20000903
2112,20000903
2113,20000903
2114,20000903
2115,20000903
2116,20000903
2117,20000903
2118,20000903
2119,20000903
2120,20000903
2121,20000903
2122,20000903
2123,20000904
2124,20000904
2125,20000904
2126,20000904
2127,20000904
2128,20000904
2129,20000904
2130,20000904
2131,20000904
2132,20000904
2133,20000904
2134,20000904
2135,20000904
2136,20000904
2137,20000904
2138,20000904
2139,20000904
2140,20000904
2141,20000904
2142,20000905
2143,20000905
2144,20000905
2145,20000905
2146,20000905
2147,20000905
2148,20000905
2149,20000905
2150,20000905
2151,20000905
2152,20000905
2153,20000905
2154,20000905
2155,20000905
2156,20000905
2157,20000906
2158,20000906
2159,20000906
2160,20000906
2161,20000906
2162,20000906
2163,20000906
2164,20000906
2165,20000906
2166,20000906
2167,20000906
2168,20000906
2169,20000906
2170,20000906
2171,20000906
2172,20000906
2173,20000906
2174,20000906
2175,20000906
2176,20000906
2177,20000906
2178,20000907
2179,20000907
2180,20000907
2181,20000907
2182,20000907
2183,20000907
2184,20000907
2185,20000907
2186,20000907
2187,20000907
2188,20000907
2189,20000907
2190,20000907
2191,20000907
2192,20000907
2193,20000907
2194,20000907
2195,20000907
2196,20000907
2197,20000907
2198,20000908
2199,20000908
2200,20000908
2201,20000908
2202,20000908
2203,20000908
2204,20000908
2205,20000908
2206,20000908
2207,20000908
2208,20000908
2209,20000908
2210,20000908
2211,20000908
2212,20000908
2213,20000908
2214,20000908
2215,20000908
2216,20000908
2217,20000908
2218,20000908
2219,20000909
2220,20000909
2221,20000909
2222,20000909
2223,20000909
2224,20000909
2225,20000909
2226,20000909
2227,20000909
2228,20000909
2229,20000909
2230,20000909
2231,20000909
2232,20000909
2233,20000909
2234,20000909
2235,20000909
2236,20000909
2237,20000909
2238,20000909
2239,20000909
2240,20000909
2241,20000909
2242,20000909
2243,20000909
2244,20000909
2245,20000910
2246,20000910
2247,20000910
2248,20000910
2249,20000910
2250,20000910
2251,20000910
2252,20000910
2253,20000910
2254,20000910
2255,20000910
2256,20000910
2257,20000910
2258,20000910
2259,20000910
2260,20000910
2261,20000910
2262,20000910
2263,20000910
2264,20000910
2265,20000910
2266,20000910
2267,20000910
2268,20000910
2269,20000910
2270,20000910
2271,20000910
2272,20000910
2273,20000910
2274,20000911
2275,20000911
2276,20000911
2277,20000911
2278,20000911
2279,20000911
2280,20000911
2281,20000911
2282,20000911
2283,20000912
2284,20000912
2285,20000912
2286,20000912
2287,20000912
2288,20000912
2289,20000912
2290,20000912
2291,20000912
2292,20000912
2293,20000912
2294,20000912
2295,20000912
2296,20000912
2297,20000912
2298,20000912
2299,20000912
2300,20000912
2301,20000912
2302,20000912
2303,20000912
2304,20000913
2305,20000913
2306,20000913
2307,20000913
2308,20000913
2309,20000913
2310,20000913
2311,20000913
2312,20000913
2313,20000913
2314,20000913
2315,20000913
2316,20000913
2317,20000913
2318,20000913
2319,20000913
2320,20000913
2321,20000913
2322,20000913
2323,20000913
2324,20000913
2325,20000913
2326,20000913
2327,20000913
2328,20000913
2329,20000913
2330,20000913
2331,20000913
2332,20000914
2333,20000914
2334,20000914
2335,20000914
2336,20000914
2337,20000914
2338,20000914
2339,20000914
2340,20000914
2341,20000914
2342,20000914
2343,20000914
2344,20000914
2345,20000914
2346,20000914
2347,20000914
2348,20000914
2349,20000915
2350,20000915
2351,20000915
2352,20000915
2353,20000915
2354,20000915
2355,20000915
2356,20000915
2357,20000915
2358,20000915
2359,20000915
2360,20000915
2361,20000915
2362,20000915
2363,20000915
2364,20000915
2365,20000915
2366,20000915
2367,20000915
2368,20000915
2369,20000915
2370,20000916
2371,20000916
2372,20000916
2373,20000916
2374,20000916
2375,20000916
2376,20000916
2377,20000916
2378,20000916
2379,20000916
2380,20000916
2381,20000916
2382,20000916
2383,20000916
2384,20000916
2385,20000917
2386,20000917
2387,20000917
2388,20000917
2389,20000917
2390,20000917
2391,20000917
2392,20000917
2393,20000917
2394,20000917
2395,20000917
2396,20000917
2397,20000917
2398,20000917
2399,20000917
2400,20000917
2401,20000917
2402,20000917
2403,20000917
2404,20000917
2405,20000917
2406,20000917
2407,20000917
2408,20000917
2409,20000917
2410,20000917
2411,20000917
2412,20000917
2413,20000917
2414,20000917
2415,20000917
2416,20000917
2417,20000917
2418,20000917
2419,20000917
2420,20000917
2421,20000918
2422,20000918
2423,20000918
2424,20000918
2425,20000918
2426,20000918
2427,20000918
2428,20000918
2429,20000918
2430,20000918
2431,20000918
2432,20000918
2433,20000918
2434,20000918
2435,20000918
2436,20000918
2437,20000918
2438,20000918
2439,20000918
2440,20000918
2441,20000918
2442,20000918
2443,20000919
2444,20000919
2445,20000919
2446,20000919
2447,20000919
2448,20000919
2449,20000919
2450,20000919
2451,20000919
2452,20000919
2453,20000919
2454,20000919
2455,20000919
2456,20000919
2457,20000919
2458,20000919
2459,20000919
2460,20000919
2461,20000919
2462,20000920
2463,20000920
2464,20000920
2465,20000920
2466,20000920
2467,20000920
2468,20000920
2469,20000920
2470,20000920
2471,20000920
2472,20000920
2473,20000920
2474,20000920
2475,20000920
2476,20000920
2477,20000920
2478,20000920
2479,20000920
2480,20000921
2481,20000921
2482,20000921
2483,20000921
2484,20000921
2485,20000921
2486,20000921
2487,20000921
2488,20000921
2489,20000921
2490,20000921
2491,20000921
2492,20000921
2493,20000921
2494,20000921
2495,20000921
2496,20000921
2497,20000922
2498,20000922
2499,20000922
2500,20000922
2501,20000922
2502,20000922
2503,20000922
2504,20000922
2505,20000922
2506,20000922
2507,20000922
2508,20000922
2509,20000922
2510,20000922
2511,20000922
2512,20000922
2513,20000922
2514,20000922
2515,20000922
2516,20000923
2517,20000923
2518,20000923
2519,20000923
2520,20000923
2521,20000923
2522,20000923
2523,20000923
2524,20000923
2525,20000923
2526,20000923
2527,20000923
2528,20000923
2529,20000923
2530,20000923
2531,20000923
2532,20000923
2533,20000923
2534,20000924
2535,20000924
2536,20000924
2537,20000924
2538,20000924
2539,20000924
2540,20000924
2541,20000924
2542,20000924
2543,20000924
2544,20000924
2545,20000924
2546,20000924
2547,20000924
2548,20000924
2549,20000924
2550,20000924
2551,20000924
2552,20000924
2553,20000924
2554,20000924
2555,20000924
2556,20000924
2557,20000924
2558,20000924
2559,20000924
2560,20000924
2561,20000924
2562,20000924
2563,20000924
2564,20000925
2565,20000925
2566,20000925
2567,20000925
2568,20000925
2569,20000925
2570,20000925
2571,20000925
2572,20000925
2573,20000925
2574,20000925
2575,20000925
2576,20000925
2577,20000926
2578,20000926
2579,20000926
2580,20000926
2581,20000926
2582,20000926
2583,20000926
2584,20000926
2585,20000926
2586,20000926
2587,20000926
2588,20000926
2589,20000926
2590,20000926
2591,20000926
2592,20000926
2593,20000926
2594,20000926
2595,20000926
2596,20000927
2597,20000927
2598,20000927
2599,20000927
2600,20000927
2601,20000927
2602,20000927
2603,20000927
2604,20000927
2605,20000927
2606,20000927
2607,20000927
2608,20000927
2609,20000927
2610,20000927
2611,20000927
2612,20000927
2613,20000927
2614,20000927
2615,20000927
2616,20000927
2617,20000927
2618,20000927
2619,20000927
2620,20000927
2621,20000927
2622,20000927
2623,20000927
2624,20000928
2625,20000928
2626,20000928
2627,20000928
2628,20000928
2629,20000928
2630,20000928
2631,20000928
2632,20000928
2633,20000928
2634,20000928
2635,20000928
2636,20000928
2637,20000928
2638,20000928
2639,20000928
2640,20000928
2641,20000928
2642,20000928
2643,20000928
2644,20000928
2645,20000929
2646,20000929
2647,20000929
2648,20000929
2649,20000929
2650,20000929
2651,20000929
2652,20000929
2653,20000929
2654,20000929
2655,20000929
2656,20000929
2657,20000929
2658,20000929
2659,20000929
2660,20000929
2661,20000929
2662,20000929
2663,20000930
2664,20000930
2665,20000930
2666,20000930
2667,20000930
2668,20000930
2669,20000930
2670,20000930
2671,20000930
2672,20000930
2673,20000930
2674,20000930
2675,20000930
2676,20000930
2677,20000930
2678,20000930
2679,20000930
2680,20000930
2681,20000930
2682,20000930
2683,20001001
2684,20001001
2685,20001001
2686,20001001
2687,20001001
2688,20001001
2689,20001001
2690,20001001
2691,20001001
2692,20001001
2693,20001001
2694,20001001
2695,20001001
2696,20001001
2697,20001001
2698,20001001
2699,20001001
2700,20001001
2701,20001001
2702,20001001
2703,20001001
2704,20001001
2705,20001001
2706,20001001
2707,20001001
2708,20001001
2709,20001001
2710,20001001
2711,20001001
2712,20001001
2713,20001001
2714,20001001
2715,20001001
2716,20001001
2717,20001001
2718,20001002
2719,20001002
2720,20001002
2721,20001002
2722,20001002
2723,20001002
2724,20001002
2725,20001002
2726,20001002
2727,20001002
2728,20001002
2729,20001002
2730,20001002
2731,20001002
2732,20001002
2733,20001002
2734,20001002
2735,20001002
2736,20001002
2737,20001003
2738,20001003
2739,20001003
2740,20001003
2741,20001003
2742,20001003
2743,20001003
2744,20001003
2745,20001003
2746,20001003
2747,20001003
2748,20001003
2749,20001003
2750,20001003
2751,20001003
2752,20001003
2753,20001003
2754,20001003
2755,20001003
2756,20001003
2757,20001003
2758,20001003
2759,20001003
2760,20001004
2761,20001004
2762,20001004
2763,20001004
2764,20001004
2765,20001004
2766,20001004
2767,20001004
2768,20001004
2769,20001004
2770,20001004
2771,20001004
2772,20001004
2773,20001004
2774,20001004
2775,20001004
2776,20001004
2777,20001004
2778,20001004
2779,20001004
2780,20001004
2781,20001004
2782,20001004
2783,20001004
2784,20001004
2785,20001005
2786,20001005
2787,20001005
2788,20001005
2789,20001005
2790,20001005
2791,20001005
2792,20001005
2793,20001005
2794,20001005
2795,20001005
2796,20001005
2797,20001005
2798,20001005
2799,20001005
2800,20001005
2801,20001005
2802,20001005
2803,20001005
2804,20001005
2805,20001005
2806,20001005
2807,20001005
2808,20001005
2809,20001005
2810,20001005
2811,20001005
2812,20001005
2813,20001005
2814,20001005
2815,20001005
2816,20001005
2817,20001005
2818,20001005
2819,20001005
2820,20001005
2821,20001005
2822,20001005
2823,20001005
2824,20001006
2825,20001006
2826,20001006
2827,20001006
2828,20001006
2829,20001006
2830,20001006
2831,20001006
2832,20001006
2833,20001006
2834,20001006
2835,20001006
2836,20001006
2837,20001006
2838,20001006
2839,20001006
2840,20001006
2841,20001006
2842,20001006
2843,20001006
2844,20001006
2845,20001006
2846,20001006
2847,20001006
2848,20001006
2849,20001006
2850,20001006
2851,20001007
2852,20001007
2853,20001007
2854,20001007
2855,20001007
2856,20001007
2857,20001007
2858,20001007
2859,20001007
2860,20001007
2861,20001007
2862,20001007
2863,20001007
2864,20001007
2865,20001007
2866,20001008
2867,20001008
2868,20001008
2869,20001008
2870,20001008
2871,20001008
2872,20001008
2873,20001008
2874,20001008
2875,20001008
2876,20001008
2877,20001008
2878,20001008
2879,20001008
2880,20001008
2881,20001008
2882,20001008
2883,20001008
2884,20001008
2885,20001008
2886,20001008
2887,20001008
2888,20001008
2889,20001008
2890,20001008
2891,20001008
2892,20001008
2893,20001008
2894,20001008
2895,20001008
2896,20001008
2897,20001008
2898,20001008
2899,20001008
2900,20001008
2901,20001008
2902,20001008
2903,20001008
2904,20001008
2905,20001008
2906,20001008
2907,20001008
2908,20001009
2909,20001009
2910,20001009
2911,20001009
2912,20001009
2913,20001009
2914,20001009
2915,20001009
2916,20001009
2917,20001009
2918,20001009
2919,20001009
2920,20001009
2921,20001009
2922,20001009
2923,20001009
2924,20001009
2925,20001009
2926,20001009
2927,20001009
2928,20001010
2929,20001010
2930,20001010
2931,20001010
2932,20001010
2933,20001010
2934,20001010
2935,20001010
2936,20001010
2937,20001010
2938,20001010
2939,20001010
2940,20001010
2941,20001010
2942,20001010
2943,20001010
2944,20001010
2945,20001011
2946,20001011
2947,20001011
2948,20001011
2949,20001011
2950,20001011
2951,20001011
2952,20001011
2953,20001011
2954,20001011
2955,20001011
2956,20001011
2957,20001011
2958,20001011
2959,20001011
2960,20001011
2961,20001011
2962,20001011
2963,20001011
2964,20001011
2965,20001011
2966,20001012
2967,20001012
2968,20001012
2969,20001012
2970,20001012
2971,20001012
2972,20001012
2973,20001012
2974,20001012
2975,20001012
2976,20001012
2977,20001012
2978,20001012
2979,20001012
2980,20001012
2981,20001012
2982,20001012
2983,20001012
2984,20001012
2985,20001012
2986,20001012
2987,20001012
2988,20001013
2989,20001013
2990,20001013
2991,20001013
2992,20001013
2993,20001013
2994,20001013
2995,20001013
2996,20001013
2997,20001013
2998,20001013
2999,20001013
3000,20001013
3001,20001013
3002,20001013
3003,20001013
3004,20001013
3005,20001013
3006,20001013
3007,20001013
3008,20001013
3009,20001013
3010,20001013
3011,20001013
3012,20001013
3013,20001013
3014,20001013
3015,20001013
3016,20001013
3017,20001013
3018,20001013
3019,20001013
3020,20001013
3021,20001013
3022,20001013
3023,20001013
3024,20001014
3025,20001014
3026,20001014
3027,20001014
3028,20001014
3029,20001014
3030,20001014
3031,20001014
3032,20001014
3033,20001014
3034,20001014
3035,20001014
3036,20001014
3037,20001014
3038,20001014
3039,20001014
3040,20001014
3041,20001014
3042,20001015
3043,20001015
3044,20001015
3045,20001015
3046,20001015
3047,20001015
3048,20001015
3049,20001015
3050,20001015
3051,20001015
3052,20001015
3053,20001015
3054,20001015
3055,20001015
3056,20001015
3057,20001015
3058,20001015
3059,20001015
3060,20001015
3061,20001015
3062,20001015
3063,20001015
3064,20001015
3065,20001015
3066,20001015
3067,20001015
3068,20001015
3069,20001015
3070,20001015
3071,20001015
3072,20001015
3073,20001015
3074,20001015
3075,20001015
3076,20001015
3077,20001015
3078,20001015
3079,20001015
3080,20001015
3081,20001016
3082,20001016
3083,20001016
3084,20001016
3085,20001016
3086,20001016
3087,20001016
3088,20001016
3089,20001016
3090,20001016
3091,20001016
3092,20001016
3093,20001016
3094,20001016
3095,20001016
3096,20001016
3097,20001016
3098,20001016
3099,20001017
3100,20001017
3101,20001017
3102,20001017
3103,20001017
3104,20001017
3105,20001017
3106,20001017
3107,20001017
3108,20001017
3109,20001017
3110,20001017
3111,20001017
3112,20001017
3113,20001017
3114,20001017
3115,20001017
3116,20001017
3117,20001017
3118,20001017
3119,20001018
3120,20001018
3121,20001018
3122,20001018
3123,20001018
3124,20001018
3125,20001018
3126,20001018
3127,20001018
3128,20001018
3129,20001018
3130,20001018
3131,20001018
3132,20001018
3133,20001018
3134,20001018
3135,20001018
3136,20001018
3137,20001018
3138,20001018
3139,20001019
3140,20001019
3141,20001019
3142,20001019
3143,20001019
3144,20001019
3145,20001019
3146,20001019
3147,20001019
3148,20001019
3149,20001019
3150,20001019
3151,20001019
3152,20001019
3153,20001019
3154,20001019
3155,20001019
3156,20001019
3157,20001019
3158,20001019
3159,20001019
3160,20001019
3161,20001019
3162,20001019
3163,20001019
3164,20001019
3165,20001019
3166,20001019
3167,20001019
3168,20001020
3169,20001020
3170,20001020
3171,20001020
3172,20001020
3173,20001020
3174,20001020
3175,20001020
3176,20001020
3177,20001020
3178,20001020
3179,20001020
3180,20001020
3181,20001020
3182,20001020
3183,20001020
3184,20001020
3185,20001020
3186,20001020
3187,20001020
3188,20001020
3189,20001020
3190,20001020
3191,20001020
3192,20001020
3193,20001020
3194,20001020
3195,20001020
3196,20001021
3197,20001021
3198,20001021
3199,20001021
3200,20001021
3201,20001021
3202,20001021
3203,20001021
3204,20001021
3205,20001021
3206,20001021
3207,20001021
3208,20001021
3209,20001021
3210,20001021
3211,20001021
3212,20001021
3213,20001021
3214,20001021
3215,20001021
3216,20001022
3217,20001022
3218,20001022
3219,20001022
3220,20001022
3221,20001022
3222,20001022
3223,20001022
3224,20001022
3225,20001022
3226,20001022
3227,20001022
3228,20001022
3229,20001022
3230,20001022
3231,20001022
3232,20001022
3233,20001022
3234,20001022
3235,20001022
3236,20001022
3237,20001022
3238,20001022
3239,20001022
3240,20001022
3241,20001022
3242,20001022
3243,20001022
3244,20001022
3245,20001022
3246,20001022
3247,20001022
3248,20001022
3249,20001022
3250,20001022
3251,20001022
3252,20001022
3253,20001022
3254,20001023
3255,20001023
3256,20001023
3257,20001023
3258,20001023
3259,20001023
3260,20001023
3261,20001023
3262,20001023
3263,20001023
3264,20001023
3265,20001023
3266,20001023
3267,20001023
3268,20001023
3269,20001024
3270,20001024
3271,20001024
3272,20001024
3273,20001024
3274,20001024
3275,20001024
3276,20001024
3277,20001024
3278,20001024
3279,20001024
3280,20001024
3281,20001024
3282,20001024
3283,20001024
3284,20001024
3285,20001024
3286,20001024
3287,20001024
3288,20001024
3289,20001024
3290,20001024
3291,20001024
3292,20001024
3293,20001025
3294,20001025
3295,20001025
3296,20001025
3297,20001025
3298,20001025
3299,20001025
3300,20001025
3301,20001025
3302,20001025
3303,20001025
3304,20001025
3305,20001025
3306,20001025
3307,20001025
3308,20001025
3309,20001025
3310,20001025
3311,20001025
3312,20001025
3313,20001025
3314,20001025
3315,20001025
3316,20001025
3317,20001025
3318,20001025
3319,20001025
3320,20001025
3321,20001026
3322,20001026
3323,20001026
3324,20001026
3325,20001026
3326,20001026
3327,20001026
3328,20001026
3329,20001026
3330,20001026
3331,20001026
3332,20001026
3333,20001026
3334,20001026
3335,20001026
3336,20001026
3337,20001026
3338,20001026
3339,20001026
3340,20001026
3341,20001026
3342,20001026
3343,20001026
3344,20001026
3345,20001026
3346,20001026
3347,20001026
3348,20001026
3349,20001027
3350,20001027
3351,20001027
3352,20001027
3353,20001027
3354,20001027
3355,20001027
3356,20001027
3357,20001027
3358,20001027
3359,20001027
3360,20001027
3361,20001027
3362,20001027
3363,20001027
3364,20001027
3365,20001027
3366,20001027
3367,20001027
3368,20001027
3369,20001027
3370,20001027
3371,20001027
3372,20001027
3373,20001027
3374,20001027
3375,20001027
3376,20001027
3377,20001027
3378,20001027
3379,20001027
3380,20001027
3381,20001027
3382,20001027
3383,20001028
3384,20001028
3385,20001028
3386,20001028
3387,20001028
3388,20001028
3389,20001028
3390,20001028
3391,20001028
3392,20001028
3393,20001028
3394,20001028
3395,20001028
3396,20001028
3397,20001028
3398,20001028
3399,20001028
3400,20001028
3401,20001028
3402,20001028
3403,20001028
3404,20001028
3405,20001028
3406,20001028
3407,20001028
3408,20001029
3409,20001029
3410,20001029
3411,20001029
3412,20001029
3413,20001029
3414,20001029
3415,20001029
3416,20001029
3417,20001029
3418,20001029
3419,20001029
3420,20001029
3421,20001029
3422,20001029
3423,20001029
3424,20001029
3425,20001029
3426,20001029
3427,20001029
3428,20001029
3429,20001029
3430,20001029
3431,20001029
3432,20001029
3433,20001029
3434,20001029
3435,20001029
3436,20001029
3437,20001029
3438,20001029
3439,20001029
3440,20001029
3441,20001029
3442,20001029
3443,20001029
3444,20001030
3445,20001030
3446,20001030
3447,20001030
3448,20001030
3449,20001030
3450,20001030
3451,20001030
3452,20001030
3453,20001030
3454,20001030
3455,20001030
3456,20001030
3457,20001030
3458,20001030
3459,20001030
3460,20001030
3461,20001030
3462,20001030
3463,20001031
3464,20001031
3465,20001031
3466,20001031
3467,20001031
3468,20001031
3469,20001031
3470,20001031
3471,20001031
3472,20001031
3473,20001031
3474,20001031
3475,20001031
3476,20001031
3477,20001031
3478,20001031
3479,20001031
3480,20001031
3481,20001031
3482,20001031
3483,20001031
3484,20001031
3485,20001031
3486,20001031
3487,20001031
3488,20001031
3489,20001031
3490,20001031
3491,20001031
